0    0    48.719   48.053     6.330472
0    1    50.836   52.120     6.330459
0    2    52.829   56.304     6.330429
0    3    54.603   60.408     6.330333
0    4    56.235   64.592     6.330039
0    5    57.776   69.019     6.329145
0    6    59.141   73.454     6.326513
0    7    60.378   78.044     6.319019
0    8    61.517   82.950     6.298541
0    9    62.490   87.893     6.245437
0    10   63.326   93.012     6.116697
0    11   64.040   98.463     5.831105
0    12   64.586   103.906    5.268425
0    13   64.981   109.472    4.319373
0    14   65.226   115.299    2.997762
0    15   65.305   121.000    1.517676
0    16   65.226   126.701    0.197999
0    17   64.981   132.528    -0.74534
0    18   64.586   138.094    -1.29367
0    19   64.040   143.537    -1.54607
0    20   63.326   148.988    -1.60388
0    21   62.490   154.107    -1.51749
0    22   61.517   159.050    -1.28481
0    23   60.378   163.956    -0.86718
0    24   59.141   168.546    -0.21261
0    25   57.776   172.981    0.708470
0    26   56.235   177.408    1.860995
0    27   54.603   -178.408   3.130022
0    28   52.829   -174.304   4.365772
0    29   50.836   -170.120   5.471582
1    0    47.677   51.479     6.330472
1    1    49.661   55.479     6.330463
1    2    51.529   59.596     6.330442
1    3    53.190   63.629     6.330376
1    4    54.716   67.727     6.330172
1    5    56.152   72.045     6.329552
1    6    57.420   76.347     6.327725
1    7    58.565   80.772     6.322511
1    8    59.615   85.471     6.308232
1    9    60.508   90.170     6.271085
1    10   61.273   95.004     6.180634
1    11   61.924   100.115    5.978701
1    12   62.419   105.189    5.576958
1    13   62.776   110.353    4.888828
1    14   62.998   115.739    3.906751
1    15   63.069   121.000    2.763757
1    16   62.998   126.261    1.682434
1    17   62.776   131.647    0.833558
1    18   62.419   136.811    0.247728
1    19   61.924   141.885    -0.14972
1    20   61.273   146.996    -0.44121
1    21   60.508   151.830    -0.64806
1    22   59.615   156.529    -0.73031
1    23   58.565   161.228    -0.62349
1    24   57.420   165.653    -0.26843
1    25   56.152   169.955    0.366385
1    26   54.716   174.273    1.258019
1    27   53.190   178.371    2.314931
1    28   51.529   -177.596   3.406507
1    29   49.661   -173.479   4.433502
2    0    46.559   54.463     6.330472
2    1    48.431   58.394     6.330467
2    2    50.192   62.438     6.330454
2    3    51.758   66.392     6.330413
2    4    53.193   70.399     6.330288
2    5    54.541   74.604     6.329907
2    6    55.728   78.775     6.328781
2    7    56.796   83.044     6.325559
2    8    57.773   87.552     6.316705
2    9    58.601   92.036     6.293575
2    10   59.308   96.623     6.236929
2    11   59.908   101.450    6.109431
2    12   60.363   106.220    5.852684
2    13   60.691   111.057    5.404811
2    14   60.895   116.090    4.748220
2    15   60.960   121.000    3.955153
2    16   60.895   125.910    3.168093
2    17   60.691   130.943    2.508406
2    18   60.363   135.780    1.992305
2    19   59.908   140.550    1.536274
2    20   59.308   145.377    1.054431
2    21   58.601   149.964    0.551127
2    22   57.773   154.448    0.116411
2    23   56.796   158.956    -0.14120
2    24   55.728   163.225    -0.13963
2    25   54.541   167.396    0.163812
2    26   53.193   171.601    0.759855
2    27   51.758   175.608    1.576753
2    28   50.192   179.562    2.498799
2    29   48.431   -176.394   3.422172
3    0    45.300   57.270     6.330472
3    1    47.069   61.126     6.330470
3    2    48.733   65.089     6.330462
3    3    50.211   68.956     6.330441
3    4    51.563   72.863     6.330373
3    5    52.831   76.949     6.330168
3    6    53.944   80.985     6.329560
3    7    54.943   85.098     6.327816
3    8    55.855   89.421     6.323010
3    9    56.625   93.701     6.310422
3    10   57.282   98.060     6.279490
3    11   57.837   102.628    6.209588
3    12   58.258   107.126    6.068142
3    13   58.561   111.674    5.820261
3    14   58.748   116.398    5.456854
3    15   58.808   121.000    5.025094
3    16   58.748   125.602    4.619782
3    17   58.561   130.326    4.313486
3    18   58.258   134.874    4.070099
3    19   57.837   139.372    3.741175
3    20   57.282   143.940    3.190109
3    21   56.625   148.299    2.425779
3    22   55.855   152.579    1.596225
3    23   54.943   156.902    0.881641
3    24   53.944   161.015    0.419950
3    25   52.831   165.051    0.290145
3    26   51.563   169.137    0.507194
3    27   50.211   173.044    1.016943
3    28   48.733   176.911    1.711735
3    29   47.069   -179.126   2.478338
4    0    43.958   59.810     6.330472
4    1    45.637   63.589     6.330471
4    2    47.216   67.469     6.330468
4    3    48.616   71.246     6.330459
4    4    49.895   75.054     6.330430
4    5    51.092   79.022     6.330340
4    6    52.141   82.928     6.330072
4    7    53.081   86.894     6.329301
4    8    53.936   91.046     6.327180
4    9    54.658   95.141     6.321651
4    10   55.271   99.297     6.308207
4    11   55.789   103.638    6.278388
4    12   56.181   107.900    6.220119
4    13   56.462   112.200    6.124978
4    14   56.636   116.659    6.006466
4    15   56.692   121.000    5.919115
4    16   56.636   125.341    5.946393
4    17   56.462   129.800    6.128212
4    18   56.181   134.100    6.361319
4    19   55.789   138.362    6.392995
4    20   55.271   142.703    5.983351
4    21   54.658   146.859    5.095311
4    22   53.936   150.954    3.907257
4    23   53.081   155.106    2.678239
4    24   52.141   159.072    1.636006
4    25   51.092   162.978    0.936135
4    26   49.895   166.946    0.646399
4    27   48.616   170.754    0.741131
4    28   47.216   174.531    1.119381
4    29   45.637   178.411    1.653019
5    0    42.600   62.031     6.330472
5    1    44.203   65.736     6.330472
5    2    45.709   69.535     6.330472
5    3    47.043   73.228     6.330472
5    4    48.260   76.940     6.330468
5    5    49.397   80.799     6.330452
5    6    50.392   84.586     6.330398
5    7    51.282   88.419     6.330229
5    8    52.090   92.420     6.329763
5    9    52.771   96.353     6.328613
5    10   53.348   100.335    6.326161
5    11   53.835   104.482    6.322107
5    12   54.203   108.545    6.319216
5    13   54.468   112.638    6.331400
5    14   54.631   116.876    6.398908
5    15   54.683   121.000    6.601235
5    16   54.631   125.124    7.037769
5    17   54.468   129.362    7.743147
5    18   54.203   133.455    8.567761
5    19   53.835   137.518    9.159500
5    20   53.348   141.665    9.147409
5    21   52.771   145.647    8.385295
5    22   52.090   149.580    7.012698
5    23   51.282   153.581    5.330033
5    24   50.392   157.414    3.661373
5    25   49.397   161.201    2.274776
5    26   48.260   165.060    1.333286
5    27   47.043   168.772    0.871749
5    28   45.709   172.465    0.811417
5    29   44.203   176.264    1.010619
6    0    41.134   64.128     6.330472
6    1    42.666   67.757     6.330474
6    2    44.105   71.475     6.330478
6    3    45.378   75.080     6.330486
6    4    46.538   78.697     6.330506
6    5    47.621   82.448     6.330550
6    6    48.566   86.118     6.330649
6    7    49.410   89.824     6.330883
6    8    50.176   93.680     6.331470
6    9    50.820   97.462     6.333037
6    10   51.365   101.280    6.337349
6    11   51.825   105.249    6.349236
6    12   52.172   109.130    6.381229
6    13   52.421   113.034    6.463254
6    14   52.574   117.072    6.657798
6    15   52.623   121.000    7.070700
6    16   52.574   124.928    7.827797
6    17   52.421   128.966    8.982304
6    18   52.172   132.870    10.37876
6    19   51.825   136.751    11.61120
6    20   51.365   140.720    12.19545
6    21   50.820   144.538    11.84080
6    22   50.176   148.320    10.57250
6    23   49.410   152.176    8.656593
6    24   48.566   155.882    6.468553
6    25   47.621   159.552    4.384712
6    26   46.538   163.303    2.693054
6    27   45.378   166.920    1.533925
6    28   44.105   170.525    0.889554
6    29   42.666   174.243    0.623908
7    0    39.617   66.034     6.330472
7    1    41.087   69.590     6.330479
7    2    42.467   73.228     6.330491
7    3    43.686   76.749     6.330517
7    4    44.796   80.276     6.330576
7    5    45.830   83.923     6.330706
7    6    46.732   87.485     6.330988
7    7    47.537   91.072     6.331614
7    8    48.265   94.797     6.333070
7    9    48.877   98.442     6.336623
7    10   49.395   102.114    6.345509
7    11   49.831   105.924    6.367659
7    12   50.159   109.644    6.421441
7    13   50.395   113.381    6.546389
7    14   50.540   117.244    6.818776
7    15   50.587   121.000    7.362236
7    16   50.540   124.756    8.325079
7    17   50.395   128.619    9.789035
7    18   50.159   132.356    11.62727
7    19   49.831   136.076    13.43673
7    20   49.395   139.886    14.67388
7    21   48.877   143.558    14.92082
7    22   48.265   147.203    14.05465
7    23   47.537   150.928    12.23411
7    24   46.732   154.515    9.801732
7    25   45.830   158.077    7.178828
7    26   44.796   161.724    4.760555
7    27   43.686   165.251    2.821087
7    28   42.467   168.772    1.453688
7    29   41.087   172.410    0.569287
8    0    38.116   67.707     6.330472
8    1    39.533   71.196     6.330492
8    2    40.862   74.759     6.330527
8    3    42.036   78.204     6.330601
8    4    43.102   81.647     6.330760
8    5    44.096   85.203     6.331087
8    6    44.961   88.667     6.331735
8    7    45.731   92.149     6.333015
8    8    46.429   95.758     6.335633
8    9    47.013   99.282     6.341310
8    10   47.508   102.828    6.354243
8    11   47.924   106.500    6.384192
8    12   48.237   110.082    6.452588
8    13   48.462   113.677    6.603360
8    14   48.600   117.391    6.918270
8    15   48.645   121.000    7.527844
8    16   48.600   124.609    8.592370
8    17   48.462   128.323    10.21937
8    18   48.237   131.918    12.32637
8    19   47.924   135.500    14.55414
8    20   47.508   139.172    16.35904
8    21   47.013   142.718    17.25057
8    22   46.429   146.242    16.97947
8    23   45.731   149.851    15.56835
8    24   44.961   153.333    13.25069
8    25   44.096   156.797    10.39704
8    26   43.102   160.353    7.435679
8    27   42.036   163.796    4.752487
8    28   40.862   167.241    2.580167
8    29   39.533   170.804    0.926610
9    0    36.520   69.292     6.330472
9    1    37.888   72.715     6.330532
9    2    39.170   76.206     6.330632
9    3    40.302   79.575     6.330843
9    4    41.329   82.937     6.331278
9    5    42.285   86.402     6.332126
9    6    43.116   89.772     6.333686
9    7    43.856   93.154     6.336444
9    8    44.525   96.652     6.341326
9    9    45.085   100.063    6.350401
9    10   45.558   103.490    6.368490
9    11   45.956   107.035    6.406338
9    12   46.255   110.488    6.486486
9    13   46.470   113.951    6.653446
9    14   46.602   117.526    6.988153
9    15   46.645   121.000    7.619185
9    16   46.602   124.474    8.708626
9    17   46.470   128.049    10.38163
9    18   46.255   131.512    12.60052
9    19   45.956   134.965    15.06791
9    20   45.558   138.510    17.28098
9    21   45.085   141.937    18.73331
9    22   44.525   145.348    19.10056
9    23   43.856   148.846    18.29019
9    24   43.116   152.228    16.40029
9    25   42.285   155.598    13.67690
9    26   41.329   159.063    10.48406
9    27   40.302   162.425    7.240667
9    28   39.170   165.794    4.293325
9    29   37.888   169.285    1.776703
10   0    34.890   70.739     6.330473
10   1    36.215   74.098     6.330648
10   2    37.456   77.520     6.330935
10   3    38.550   80.818     6.331528
10   4    39.542   84.104     6.332722
10   5    40.464   87.485     6.334970
10   6    41.266   90.769     6.338893
10   7    41.979   94.058     6.345285
10   8    42.622   97.456     6.355284
10   9    43.161   100.764    6.371120
10   10   43.616   104.083    6.397844
10   11   43.998   107.513    6.446425
10   12   44.285   110.850    6.539001
10   13   44.491   114.195    6.717908
10   14   44.618   117.647    7.058977
10   15   44.659   121.000    7.682984
10   16   44.618   124.353    8.746533
10   17   44.491   127.805    10.38439
10   18   44.285   131.150    12.59775
10   19   43.998   134.487    15.15396
10   20   43.616   137.917    17.61019
10   21   43.161   141.236    19.48064
10   22   42.622   144.544    20.41227
10   23   41.979   147.942    20.24121
10   24   41.266   151.231    18.95454
10   25   40.464   154.515    16.65696
10   26   39.542   157.896    13.57916
10   27   38.550   161.182    10.07324
10   28   37.456   164.480    6.521386
10   29   36.215   167.902    3.171406
11   0    33.290   72.012     6.330478
11   1    34.578   75.314     6.330975
11   2    35.784   78.674     6.331781
11   3    36.847   81.909     6.333416
11   4    37.810   85.126     6.336637
11   5    38.704   88.432     6.342543
11   6    39.480   91.639     6.352470
11   7    40.170   94.846     6.367736
11   8    40.792   98.155     6.389543
11   9    41.312   101.373    6.419713
11   10   41.752   104.597    6.462697
11   11   42.120   107.927    6.528676
11   12   42.398   111.164    6.637993
11   13   42.596   114.407    6.828732
11   14   42.718   117.752    7.168769
11   15   42.757   121.000    7.767461
11   16   42.718   124.248    8.771300
11   17   42.596   127.593    10.31873
11   18   42.398   130.836    12.44367
11   19   42.120   134.073    14.97572
11   20   41.752   137.403    17.53781
11   21   41.312   140.627    19.68036
11   22   40.792   143.845    21.04657
11   23   40.170   147.154    21.43724
11   24   39.480   150.361    20.77265
11   25   38.704   153.568    19.04880
11   26   37.810   156.874    16.35264
11   27   36.847   160.091    12.90430
11   28   35.784   163.326    9.034241
11   29   34.578   166.686    5.052005
12   0    31.599   73.222     6.330491
12   1    32.855   76.469     6.331863
12   2    34.029   79.769     6.334056
12   3    35.063   82.941     6.338410
12   4    35.999   86.093     6.346811
12   5    36.867   89.327     6.361836
12   6    37.620   92.459     6.386306
12   7    38.288   95.588     6.422301
12   8    38.891   98.813     6.470382
12   9    39.395   101.945    6.530365
12   10   39.820   105.080    6.604187
12   11   40.176   108.315    6.699618
12   12   40.444   111.459    6.833857
12   13   40.636   114.605    7.039280
12   14   40.754   117.850    7.373997
12   15   40.792   121.000    7.933708
12   16   40.754   124.150    8.851879
12   17   40.636   127.395    10.26665
12   18   40.444   130.541    12.24009
12   19   40.176   133.685    14.66121
12   20   39.820   136.920    17.21976
12   21   39.395   140.055    19.50600
12   22   38.891   143.187    21.16502
12   23   38.288   146.412    21.97662
12   24   37.620   149.541    21.82756
12   25   36.867   152.673    20.65462
12   26   35.999   155.907    18.44265
12   27   35.063   159.059    15.28340
12   28   34.029   162.231    11.41501
12   29   32.855   165.531    7.153570
13   0    29.881   74.326     6.330534
13   1    31.108   77.523     6.334180
13   2    32.255   80.767     6.339896
13   3    33.263   83.881     6.350981
13   4    34.175   86.972     6.371856
13   5    35.020   90.140     6.408214
13   6    35.753   93.203     6.465586
13   7    36.403   96.261     6.546668
13   8    36.989   99.408     6.649168
13   9    37.478   102.463    6.767077
13   10   37.891   105.517    6.896008
13   11   38.237   108.666    7.038944
13   12   38.497   111.724    7.209101
13   13   38.682   114.784    7.432857
13   14   38.797   117.938    7.757938
13   15   38.834   121.000    8.265166
13   16   38.797   124.062    9.073049
13   17   38.682   127.216    10.31647
13   18   38.497   130.276    12.08194
13   19   38.237   133.334    14.31522
13   20   37.891   136.483    16.77291
13   21   37.478   139.537    19.08529
13   22   36.989   142.592    20.89562
13   23   36.403   145.739    21.95956
13   24   35.753   148.797    22.14218
13   25   35.020   151.860    21.36087
13   26   34.175   155.028    19.56219
13   27   33.263   158.119    16.77163
13   28   32.255   161.233    13.16044
13   29   31.108   164.477    9.023206
14   0    28.201   75.299     6.330672
14   1    29.404   78.450     6.339915
14   2    30.527   81.645     6.354079
14   3    31.514   84.708     6.380753
14   4    32.407   87.745     6.429534
14   5    33.233   90.853     6.511864
14   6    33.949   93.857     6.637279
14   7    34.584   96.851     6.807331
14   8    35.155   99.930     7.011456
14   9    35.632   102.916    7.230478
14   10   36.034   105.899    7.447727
14   11   36.371   108.973    7.659128
14   12   36.624   111.957    7.874880
14   13   36.805   114.941    8.117348
14   14   36.916   118.015    8.424997
14   15   36.952   121.000    8.863495
14   16   36.916   123.985    9.534854
14   17   36.805   127.059    10.56763
14   18   36.624   130.043    12.06802
14   19   36.371   133.027    14.03409
14   20   36.034   136.101    16.28817
14   21   35.632   139.084    18.50162
14   22   35.155   142.070    20.31320
14   23   34.584   145.149    21.44729
14   24   33.949   148.143    21.74736
14   25   33.233   151.147    21.13618
14   26   32.407   154.255    19.58079
14   27   31.514   157.292    17.11860
14   28   30.527   160.355    13.91192
14   29   29.404   163.550    10.23065
15   0    26.429   76.222     6.331096
15   1    27.612   79.330     6.353306
15   2    28.715   82.477     6.386375
15   3    29.683   85.492     6.446392
15   4    30.557   88.477     6.552192
15   5    31.367   91.529     6.723985
15   6    32.067   94.475     6.974955
15   7    32.688   97.409     7.299792
15   8    33.246   100.424    7.669335
15   9    33.712   103.344    8.040619
15   10   34.104   106.260    8.378728
15   11   34.433   109.263    8.672920
15   12   34.680   112.176    8.934870
15   13   34.857   115.088    9.187908
15   14   34.965   118.088    9.464304
15   15   35.000   121.000    9.815204
15   16   34.965   123.912    10.32447
15   17   34.857   126.912    11.10983
15   18   34.680   129.824    12.28913
15   19   34.433   132.737    13.90357
15   20   34.104   135.740    15.83674
15   21   33.712   138.656    17.80437
15   22   33.246   141.576    19.44707
15   23   32.688   144.591    20.46202
15   24   32.067   147.525    20.67646
15   25   31.367   150.471    20.03664
15   26   30.557   153.523    18.56868
15   27   29.683   156.508    16.37303
15   28   28.715   159.523    13.64020
15   29   27.612   162.670    10.61125
16   0    24.630   77.062     6.332381
16   1    25.796   80.132     6.382608
16   2    26.882   83.236     6.454789
16   3    27.834   86.207     6.579811
16   4    28.694   89.144     6.790215
16   5    29.488   92.145     7.115871
16   6    30.176   95.038     7.568183
16   7    30.784   97.917     8.122962
16   8    31.332   100.873    8.718277
16   9    31.788   103.733    9.278091
16   10   32.172   106.588    9.748816
16   11   32.494   109.526    10.11938
16   12   32.735   112.375    10.41117
16   13   32.908   115.222    10.65515
16   14   33.014   118.154    10.88146
16   15   33.048   121.000    11.12803
16   16   33.014   123.846    11.45872
16   17   32.908   126.778    11.97366
16   18   32.735   129.625    12.78924
16   19   32.494   132.474    13.97339
16   20   32.172   135.412    15.46092
16   21   31.788   138.267    17.01754
16   22   31.332   141.127    18.30616
16   23   30.784   144.083    19.02184
16   24   30.176   146.962    18.99674
16   25   29.488   149.855    18.21603
16   26   28.694   152.856    16.77474
16   27   27.834   155.793    14.83809
16   28   26.882   158.764    12.61481
16   29   25.796   161.868    10.29913
17   0    22.871   77.798     6.336167
17   1    24.024   80.835     6.442490
17   2    25.097   83.903     6.588880
17   3    26.036   86.834     6.828094
17   4    26.884   89.730     7.208040
17   5    27.667   92.685     7.762455
17   6    28.344   95.532     8.487241
17   7    28.942   98.363     9.322605
17   8    29.481   101.266    10.16315
17   9    29.929   104.075    10.90121
17   10   30.306   106.876    11.47550
17   11   30.622   109.757    11.88696
17   12   30.859   112.550    12.17508
17   13   31.029   115.339    12.38310
17   14   31.133   118.212    12.54181
17   15   31.166   121.000    12.67748
17   16   31.133   123.788    12.83233
17   17   31.029   126.661    13.08057
17   18   30.859   129.450    13.51966
17   19   30.622   132.243    14.22135
17   20   30.306   135.124    15.15619
17   21   29.929   137.925    16.14762
17   22   29.481   140.734    16.91484
17   23   28.942   143.637    17.19525
17   24   28.344   146.468    16.85810
17   25   27.667   149.315    15.93258
17   26   26.884   152.270    14.55929
17   27   26.036   155.166    12.92624
17   28   25.097   158.097    11.21902
17   29   24.024   161.165    9.566330
18   0    21.017   78.491     6.346948
18   1    22.159   81.498     6.556694
18   2    23.221   84.532     6.831384
18   3    24.151   87.427     7.249634
18   4    24.988   90.284     7.868671
18   5    25.761   93.197     8.710157
18   6    26.428   96.000     9.734604
18   7    27.019   98.785     10.83455
18   8    27.549   101.639    11.86616
18   9    27.990   104.398    12.70973
18   10   28.362   107.148    13.31751
18   11   28.673   109.975    13.71466
18   12   28.906   112.715    13.96107
18   13   29.072   115.451    14.11072
18   14   29.175   118.267    14.19459
18   15   29.208   121.000    14.22824
18   16   29.175   123.733    14.23133
18   17   29.072   126.549    14.24477
18   18   28.906   129.285    14.33020
18   19   28.673   132.025    14.53994
18   20   28.362   134.852    14.86443
18   21   27.990   137.602    15.19385
18   22   27.549   140.361    15.34206
18   23   27.019   143.215    15.13634
18   24   26.428   146.000    14.50864
18   25   25.761   148.803    13.51794
18   26   24.988   151.716    12.30261
18   27   24.151   154.573    11.01634
18   28   23.221   157.468    9.783434
18   29   22.159   160.502    8.665843
19   0    19.131   79.116     6.376406
19   1    20.267   82.097     6.760231
19   2    21.321   85.101     7.235558
19   3    22.243   87.964     7.901917
19   4    23.073   90.786     8.809291
19   5    23.838   93.661     9.944779
19   6    24.498   96.425     11.21892
19   7    25.082   99.168     12.48303
19   8    25.606   101.977    13.58222
19   9    26.042   104.692    14.41744
19   10   26.408   107.396    14.97498
19   11   26.715   110.174    15.30719
19   12   26.945   112.865    15.48707
19   13   27.109   115.551    15.57130
19   14   27.210   118.317    15.58703
19   15   27.242   121.000    15.53870
19   16   27.210   123.683    15.42347
19   17   27.109   126.449    15.24557
19   18   26.945   129.135    15.02139
19   19   26.715   131.826    14.77042
19   20   26.408   134.604    14.49450
19   21   26.042   137.308    14.15910
19   22   25.606   140.023    13.69934
19   23   25.082   142.832    13.05915
19   24   24.498   145.575    12.23552
19   25   23.838   148.339    11.28691
19   26   23.073   151.214    10.30156
19   27   22.243   154.036    9.359334
19   28   21.321   156.899    8.511635
19   29   20.267   159.903    7.771294
20   0    17.285   79.656     6.452801
20   1    18.417   82.616     7.100100
20   2    19.468   85.595     7.855523
20   3    20.385   88.431     8.821167
20   4    21.209   91.224     10.01724
20   5    21.969   94.066     11.38077
20   6    22.624   96.795     12.77860
20   7    23.202   99.503     14.05149
20   8    23.721   102.273    15.07342
20   9    24.153   104.948    15.79396
20   10   24.516   107.612    16.23979
20   11   24.819   110.347    16.48105
20   12   25.047   112.996    16.59026
20   13   25.209   115.640    16.61631
20   14   25.309   118.361    16.57710
20   15   25.341   121.000    16.46448
20   16   25.309   123.639    16.25411
20   17   25.209   126.360    15.91576
20   18   25.047   129.004    15.42338
20   19   24.819   131.653    14.76677
20   20   24.516   134.388    13.96278
20   21   24.153   137.052    13.05620
20   22   23.721   139.727    12.10457
20   23   23.202   142.497    11.15972
20   24   22.624   145.205    10.26110
20   25   21.969   147.934    9.436322
20   26   21.209   150.776    8.699298
20   27   20.385   153.569    8.050086
20   28   19.468   156.405    7.481295
20   29   18.417   159.384    6.980563
21   0    15.333   80.154     6.638010
21   1    16.466   83.098     7.634112
21   2    17.515   86.055     8.729544
21   3    18.430   88.868     9.999275
21   4    19.251   91.634     11.41803
21   5    20.007   94.445     12.87994
21   6    20.659   97.143     14.24047
21   7    21.233   99.817     15.37244
21   8    21.749   102.551    16.20922
21   9    22.177   105.190    16.75588
21   10   22.537   107.815    17.06820
21   11   22.838   110.511    17.21790
21   12   23.064   113.119    17.26441
21   13   23.225   115.723    17.24123
21   14   23.324   118.402    17.15291
21   15   23.355   121.000    16.97742
21   16   23.324   123.598    16.67117
21   17   23.225   126.277    16.17754
21   18   23.064   128.881    15.44295
21   19   22.838   131.489    14.44562
21   20   22.537   134.185    13.22918
21   21   22.177   136.810    11.91157
21   22   21.749   139.449    10.64536
21   23   21.233   142.183    9.551712
21   24   20.659   144.857    8.679831
21   25   20.007   147.555    8.012151
21   26   19.251   150.366    7.494320
21   27   18.430   153.132    7.066875
21   28   17.515   155.945    6.688055
21   29   16.466   158.902    6.338203
22   0    13.343   80.590     7.048887
22   1    14.480   83.523     8.428157
22   2    15.531   86.463     9.862688
22   3    16.446   89.256     11.37085
22   4    17.267   91.999     12.88569
22   5    18.022   94.784     14.29085
22   6    18.672   97.455     15.47431
22   7    19.244   100.099    16.37201
22   8    19.758   102.801    16.98163
22   9    20.184   105.407    17.34818
22   10   20.542   107.999    17.53609
22   11   20.841   110.658    17.60436
22   12   21.065   113.231    17.59276
22   13   21.225   115.798    17.51711
22   14   21.324   118.439    17.36767
22   15   21.355   121.000    17.10892
22   16   21.324   123.561    16.68290
22   17   21.225   126.202    16.02007
22   18   21.065   128.769    15.06215
22   19   20.841   131.342    13.80007
22   20   20.542   134.001    12.31305
22   21   20.184   136.593    10.77109
22   22   19.758   139.199    9.374765
22   23   19.244   141.901    8.266242
22   24   18.672   144.545    7.480414
22   25   18.022   147.216    6.961202
22   26   17.267   150.001    6.611748
22   27   16.446   152.744    6.341772
22   28   15.531   155.537    6.095609
22   29   14.480   158.477    5.853944
23   0    11.388   80.953     7.858472
23   1    12.533   83.879     9.546424
23   2    13.589   86.808     11.21840
23   3    14.507   89.586     12.82384
23   4    15.330   92.311     14.27755
23   5    16.085   95.075     15.49253
23   6    16.735   97.722     16.41895
23   7    17.307   100.342    17.05904
23   8    17.820   103.017    17.45538
23   9    18.245   105.594    17.66706
23   10   18.602   108.157    17.74858
23   11   18.901   110.785    17.73865
23   12   19.124   113.327    17.65743
23   13   19.284   115.863    17.50600
23   14   19.382   118.471    17.26355
23   15   19.413   121.000    16.88513
23   16   19.382   123.529    16.30713
23   17   19.284   126.137    15.46441
23   18   19.124   128.673    14.31778
23   19   18.901   131.215    12.88899
23   20   18.602   133.843    11.28830
23   21   18.245   136.406    9.702775
23   22   17.820   138.983    8.329914
23   23   17.307   141.658    7.294843
23   24   16.735   144.278    6.612092
23   25   16.085   146.925    6.208467
23   26   15.330   149.689    5.974885
23   27   14.507   152.414    5.813803
23   28   13.589   155.192    5.666632
23   29   12.533   158.121    5.514408
24   0    9.312    81.270     9.224230
24   1    10.469   84.195     11.01363
24   2    11.535   87.118     12.71715
24   3    12.459   89.884     14.23037
24   4    13.286   92.595     15.47784
24   5    14.045   95.340     16.42346
24   6    14.697   97.968     17.07839
24   7    15.270   100.565    17.48844
24   8    15.784   103.215    17.71120
24   9    16.209   105.767    17.79652
24   10   16.566   108.303    17.77767
24   11   16.865   110.903    17.67225
24   12   17.088   113.416    17.48644
24   13   17.247   115.923    17.21500
24   14   17.345   118.500    16.83480
24   15   17.377   121.000    16.30053
24   16   17.345   123.500    15.55481
24   17   17.247   126.077    14.55284
24   18   17.088   128.584    13.28930
24   19   16.865   131.097    11.81883
24   20   16.566   133.697    10.26227
24   21   16.209   136.233    8.784578
24   22   15.784   138.785    7.541168
24   23   15.270   141.435    6.622055
24   24   14.697   144.032    6.030410
24   25   14.045   146.660    5.700758
24   26   13.286   149.405    5.536147
24   27   12.459   152.116    5.446018
24   28   11.535   154.882    5.372396
24   29   10.469   157.805    5.293809
25   0    7.184    81.525     11.12703
25   1    8.359    84.455     12.74044
25   2    9.438    87.377     14.23084
25   3    10.373   90.137     15.47537
25   4    11.207   92.838     16.42374
25   5    11.972   95.569     17.08301
25   6    12.627   98.180     17.49827
25   7    13.204   100.759    17.72597
25   8    13.719   103.388    17.81199
25   9    14.147   105.919    17.78164
25   10   14.505   108.432    17.64268
25   11   14.804   111.006    17.39656
25   12   15.028   113.495    17.04739
25   13   15.187   115.976    16.59892
25   14   15.285   118.527    16.04057
25   15   15.317   121.000    15.33896
25   16   15.285   123.473    14.45257
25   17   15.187   126.024    13.36268
25   18   15.028   128.505    12.09506
25   19   14.804   130.994    10.72092
25   20   14.505   133.568    9.343987
25   21   14.147   136.081    8.078508
25   22   13.719   138.612    7.020997
25   23   13.204   141.241    6.226840
25   24   12.627   143.820    5.701764
25   25   11.972   146.431    5.406339
25   26   11.207   149.162    5.270279
25   27   10.373   151.863    5.217093
25   28   9.438    154.623    5.190232
25   29   8.359    157.545    5.163600
26   0    5.082    81.710     13.26105
26   1    6.279    84.653     14.48448
26   2    7.375    87.579     15.59047
26   3    8.323    90.338     16.47244
26   4    9.167    93.033     17.10391
26   5    9.939    95.756     17.51010
26   6    10.601   98.355     17.73749
26   7    11.182   100.920    17.82587
26   8    11.702   103.532    17.79206
26   9    12.132   106.045    17.62882
26   10   12.492   108.539    17.31976
26   11   12.793   111.093    16.86240
26   12   13.017   113.561    16.27952
26   13   13.178   116.020    15.60588
26   14   13.276   118.549    14.85965
26   15   13.308   121.000    14.02719
26   16   13.276   123.451    13.08192
26   17   13.178   125.980    12.02066
26   18   13.017   128.439    10.87978
26   19   12.793   130.907    9.721572
26   20   12.492   133.461    8.611906
26   21   12.132   135.955    7.606749
26   22   11.702   138.468    6.748929
26   23   11.182   141.080    6.069811
26   24   10.601   143.645    5.587187
26   25   9.939    146.244    5.294722
26   26   9.167    148.967    5.154091
26   27   8.323    151.662    5.106327
26   28   7.375    154.421    5.097761
26   29   6.279    157.347    5.097641
27   0    2.834    81.837     15.17335
27   1    4.061    84.800     15.95248
27   2    5.181    87.738     16.64632
27   3    6.146    90.501     17.18130
27   4    7.004    93.196     17.54499
27   5    7.788    95.913     17.75859
27   6    8.458    98.504     17.84865
27   7    9.046    101.058    17.82357
27   8    9.571    103.658    17.66228
27   9    10.005   106.156    17.32197
27   10   10.369   108.633    16.76995
27   11   10.672   111.170    16.02252
27   12   10.899   113.619    15.15156
27   13   11.060   116.060    14.24506
27   14   11.160   118.568    13.35559
27   15   11.192   121.000    12.48186
27   16   11.160   123.432    11.59672
27   17   11.060   125.940    10.69011
27   18   10.899   128.381    9.783314
27   19   10.672   130.830    8.910082
27   20   10.369   133.367    8.094312
27   21   10.005   135.844    7.345524
27   22   9.571    138.342    6.670707
27   23   9.046    140.942    6.088850
27   24   8.458    143.496    5.631403
27   25   7.788    146.087    5.322083
27   26   7.004    148.804    5.153254
27   27   6.146    151.499    5.085268
27   28   5.181    154.262    5.070006
27   29   4.061    157.200    5.073571
28   0    0.512    81.893     16.56814
28   1    1.776    84.885     16.98390
28   2    2.926    87.842     17.35007
28   3    3.914    90.617     17.62453
28   4    4.790    93.316     17.79976
28   5    5.588    96.034     17.88262
28   6    6.270    98.621     17.87232
28   7    6.867    101.169    17.74094
28   8    7.400    103.759    17.42552
28   9    7.840    106.245    16.84843
28   10   8.208    108.711    15.97602
28   11   8.515    111.233    14.87687
28   12   8.744    113.667    13.70703
28   13   8.908    116.092    12.61948
28   14   9.008    118.584    11.68545
28   15   9.040    121.000    10.88943
28   16   9.008    123.416    10.17951
28   17   8.908    125.908    9.518489
28   18   8.744    128.333    8.897312
28   19   8.515    130.767    8.317000
28   20   8.208    133.289    7.769917
28   21   7.840    135.755    7.239349
28   22   7.400    138.241    6.715075
28   23   6.867    140.831    6.211270
28   24   6.270    143.379    5.768990
28   25   5.588    145.966    5.433835
28   26   4.790    148.684    5.224155
28   27   3.914    151.383    5.120025
28   28   2.926    154.158    5.081482
28   29   1.776    157.115    5.073357
29   0    -1.806   81.871     17.45398
29   1    -0.496   84.904     17.62385
29   2    0.690    87.889     17.77162
29   3    1.704    90.680     17.87744
29   4    2.603    93.390     17.93346
29   5    3.419    96.113     17.93041
29   6    4.115    98.702     17.84013
29   7    4.723    101.247    17.59746
29   8    5.265    103.832    17.09554
29   9    5.713    106.312    16.22509
29   10   6.087    108.768    14.97088
29   11   6.398    111.280    13.49002
29   12   6.631    113.704    12.05278
29   13   6.796    116.117    10.87435
29   14   6.898    118.597    10.01215
29   15   6.931    121.000    9.401107
29   16   6.898    123.403    8.943343
29   17   6.796    125.883    8.566020
29   18   6.631    128.296    8.229665
29   19   6.398    130.720    7.910446
29   20   6.087    133.232    7.584189
29   21   5.713    135.688    7.225112
29   22   5.265    138.168    6.818205
29   23   4.723    140.753    6.375955
29   24   4.115    143.298    5.943766
29   25   3.419    145.887    5.581081
29   26   2.603    148.610    5.327041
29   27   1.704    151.320    5.180579
29   28   0.690    154.111    5.111311
29   29   -0.496   157.096    5.084163
slp 
